

1.00
-0.08 -0.19
0.79
0.86
-0.29 -0.34
0.35
0.01
0.77
-0.57
-0.36
-0.31
-0.46
-0.32 0.53
-0.08 1.00
0.64
-0.16
-0.20
0.83
0.65
-0.13
0.12 -0.12
0.46
0.72 0.87
0.73
0.86 -0.05
-0.19
0.64
1.00
-0.10
0.08
0.64
0.54
-0.20
0.17
0.05
0.43
0.66 0.52
0.53
0.57 0.41
0.79
-0.16
-0.10
1.00
0.80
-0.33
-0.31
0.12
-0.05 0.70
-0.56
-0.28 -0.42
-0.47
-0.43 0.57
0.86
-0.20
0.08
0.80
1.00
-0.33
-0.39
0.22
-0.01
0.79
-0.56
-0.33 -0.49
-0.51
-0.44
0.73
-0.29
0.83
0.64
-0.33
-0.33
1.00
0.72
-0.18
0.29
-0.26
0.64
0.75
0.86
0.73
0.89
-0.08
-0.34
0.65
0.54
-0.31
-0.39
0.72
1.00
0.29
0.67
-0.10
0.81
0.92
0.74
0.67
0.64
0.11
0.35
-0.13
-0.20
0.12
0.22
-0.18
0.29
1.00
0.70
0.48
0.22
0.22
-0.17
-0.31
-0.31
0.39
0.01
0.12
0.17
-0.05
-0.01
0.29
0.67
0.70
1.00
0.32
0.66
0.61
0.21
0.14
0.14
0.41
0.77
-0.12
0.05
0.70
0.79
-0.26
-0.10
0.48
0.32
1.00
-0.31
-0.09
-0.28
-0.33
-0.38
0.85
-0.57 0.46
0.43
-0.56
-0.56
0.64
0.81
0.22
0.66
-0.31
1.00
0.82
0.63
0.48
0.62
-0.06
-0.36
0.72
0.66
-0.28
-0.33
0.75
0.92
0.22
0.61
-0.09
0.82
1.00
0.71
0.66
0.68
0.12
-0.31
0.87 0.52
-0.42
-0.49
0.86
0.74
-0.17
0.21
-0.28
0.63
0.71
1.00
0.86
0.95
-0.16
-0.46
0.73
0.53
-0.47
-0.51
0.73
0.67
-0.31
0.14
-0.33
0.48
0.66
0.86
1.00
0.83
-0.17
-0.32
0.86 0.57
-0.43
-0.44
0.89
0.64
-0.31
0.14
-0.38
0.62
0.68
0.95
0.83
1.00
-0.22
0.53
-0.05
0.41
0.57
0.73
-0.08
0.11
0.39
0.41
0.85
-0.06
0.12
-0.16
-0.17
-0.22
1.00